[
  {
    "objectID": "index.html",
    "href": "index.html",
    "title": "Saudações, seja muito bem-vindo!",
    "section": "",
    "text": "Olá, me Chamo Mariana Martins, esse é o site destinado ao meu caderno de aulas da disciplina FIP 606, por favor, sinta-se à vontade!\n\n\n\n\n\n\n\n\n\nSobre mim\nEngenheira Agrônoma pela Universidade Federal do Vale do São Francisco, campus de Ciências Agrárias. Atuei como estagiária voluntária no centro de recuperação de áreas degradadas (CRAD), voluntária no laboratório de fitopatologia e fui bolsista de iniciação científica do Conselho Nacional de Desenvolvimento Científico e Tecnológico (CNPq) de 08/2020 a 12/2022, trabalhando atributos de qualidade do solo, controle biológico e microrganismos promotores de crescimento vegetal, sob orientação do professor Bruno Coutinho Moreira. Atualmente sou aluna do mestrado em Fitopatologia (Capes 7) pela Universidade Federal de Viçosa - Campus Viçosa, e atuo no Laboratório de Manejo Integrado de Doenças (LAMID), sob orientação do professor Franklin Jackson Machado. |\n\n\n\n\n\n\n\n\n\n\nSobre esse site\nA proposta desse website é disponibilizar as aulas que foram ministradas na disciplina FIP 606 - Análise e Visualização de Dados em Fitopatologia, da Universidade Federal de Viçosa, pelo professor Emerson Medeiros Del Ponte.\nEspero que aproveite o conteúdo!!\n |"
  },
  {
    "objectID": "Aula9_quarto.html",
    "href": "Aula9_quarto.html",
    "title": "Aula 9- experimento fatorial e ajuste de modelos",
    "section": "",
    "text": "Podridão de Fusarium em milho Parcela subdividida. Dentro de cada bloco foi casualizado os híbridos. O método de aplicação foi casualizado dentro dos híbridos\nModelo misto: fator fixo + fator aleatório\nExperimento fatorial, DBC com parcela subdividida (4 blocos, aleatorizando a parcela princial dentro de cada bloco, nesse caso foi o híbrido, cada um dentro de cada bloco. O bloco é subdividido e aleatorizado com o método dentro de cada bloco. Sorteia o híbrido e sorteia a posição de cada método). Duas opções: usar lm ou aov, ou usar o modelo misto (quando tem uma mistura de um fator fixo e um fator aleatório do modelo, tem que considerar o efeito aleátorio do híbrido dentro do bloco e do método no híbrido).\n\nlibrary(gsheet)\nlibrary(tidyverse)\n\nmilho &lt;- gsheet2tbl(\"https://docs.google.com/spreadsheets/d/1bq2N19DcZdtax2fQW9OHSGMR0X2__Z9T/edit#gid=1345524759\")\n\n\n\n\nmilho |&gt; \n  ggplot(aes(method, index))+\n  geom_jitter(width = 0.1, color = \"black\", alpha = 0.2)+\n  facet_grid(~hybrid)+\n  stat_summary(fun.data = \"mean_cl_boot\", color = \"blue\")\n\n\n\n\n\n\n\n#Dependendo do híbrido parece que há efeito do método\n\nmilho |&gt; \n  ggplot(aes(method, yield))+\n  geom_jitter(width = 0.1, color = \"black\", alpha = 0.2)+\n  facet_grid(~hybrid)+\n  stat_summary(fun.data = \"mean_cl_boot\", color = \"red\")\n\n\n\n\n\n\n\n\n\n\n\nNa ANOVA pode ser observado que a interação entre o híbrido e o método é significativo, a partir dai temos que fazer os desdobramentos dessa interação. Pacote para estimar as médias -&gt; emmeans\n\nlibrary(lme4)\n\nmilho &lt;- milho |&gt; \n  mutate(block = as.factor(block))\n\nmix &lt;- lmer(index ~ hybrid*method + block + (1|block/hybrid), \n             data = milho)\n\nlibrary(car)\nAnova(mix)\n\nAnalysis of Deviance Table (Type II Wald chisquare tests)\n\nResponse: index\n                Chisq Df Pr(&gt;Chisq)   \nhybrid        15.5971  5   0.008094 **\nmethod         4.6963  1   0.030228 * \nblock          0.2157  3   0.975023   \nhybrid:method 15.8060  5   0.007420 **\n---\nSignif. codes:  0 '***' 0.001 '**' 0.01 '*' 0.05 '.' 0.1 ' ' 1\n\n#Pelo menos um híbrido é diferente dos demais, assim como existe diferença significativa entre métodos.\n#Também existe diferença na interação híbrido com método\n\nlibrary(performance)\ncheck_normality(mix)\n\nOK: residuals appear as normally distributed (p = 0.635).\n\ncheck_heteroscedasticity(mix)\n\nWarning: Heteroscedasticity (non-constant error variance) detected (p = 0.009).\n\n#Observou heterogeneicidade das variâncias\n\nlibrary(DHARMa)\nplot(simulateResiduals(mix))\n\n\n\n\n\n\n\n#Transformação com raiz quadrada\nmix2 &lt;- lmer(sqrt(index) ~ hybrid*method + block + (1|block/hybrid), \n             data = milho)\nAnova(mix2)\n\nAnalysis of Deviance Table (Type II Wald chisquare tests)\n\nResponse: sqrt(index)\n                Chisq Df Pr(&gt;Chisq)   \nhybrid        15.3159  5   0.009095 **\nmethod         3.8886  1   0.048615 * \nblock          0.0718  3   0.994997   \nhybrid:method 13.3812  5   0.020057 * \n---\nSignif. codes:  0 '***' 0.001 '**' 0.01 '*' 0.05 '.' 0.1 ' ' 1\n\ncheck_normality(mix2)\n\nOK: residuals appear as normally distributed (p = 0.440).\n\ncheck_heteroscedasticity(mix2)\n\nOK: Error variance appears to be homoscedastic (p = 0.971).\n\n#Deu distribuição normal e homocedasticidade\nplot(simulateResiduals(mix2))\n\n\n\n\n\n\n\nqqnorm(residuals(mix2))\nqqline(residuals(mix2))\n\n\n\n\n\n\n\nhist(residuals(mix2))\n\n\n\n\n\n\n\nlibrary(emmeans)\nmedias_milho &lt;- emmeans(mix2,\n                        ~hybrid|method,\n                        type = \"response\") #Qaundo transforma dados, precisa colocar type = response\nmedias_milho\n\nmethod = pin:\n hybrid   response   SE   df lower.CL upper.CL\n 30F53 HX     25.0 12.1 6084     6.84     54.4\n 30F53 YH     24.5 12.0 6084     6.61     53.7\n 30K64        20.3 10.9 6084     4.51     47.4\n 30S31H       37.1 14.8 6084    13.79     71.8\n 30S31YH      31.7 13.7 6084    10.57     64.2\n BG7049H      19.4 10.7 6084     4.10     46.0\n\nmethod = silk:\n hybrid   response   SE   df lower.CL upper.CL\n 30F53 HX     24.4 12.0 6084     6.56     53.6\n 30F53 YH     26.0 12.4 6084     7.42     56.0\n 30K64        21.3 11.2 6084     5.00     48.9\n 30S31H       26.3 12.5 6084     7.57     56.4\n 30S31YH      26.4 12.5 6084     7.62     56.5\n BG7049H      19.1 10.6 6084     3.96     45.6\n\nResults are averaged over the levels of: block \nDegrees-of-freedom method: kenward-roger \nConfidence level used: 0.95 \nIntervals are back-transformed from the sqrt scale \n\nmedias_milho2 &lt;- emmeans(mix2,\n                         ~method|hybrid,\n                         type = \"response\")\nmedias_milho2\n\nhybrid = 30F53 HX:\n method response   SE   df lower.CL upper.CL\n pin        25.0 12.1 6084     6.84     54.4\n silk       24.4 12.0 6084     6.56     53.6\n\nhybrid = 30F53 YH:\n method response   SE   df lower.CL upper.CL\n pin        24.5 12.0 6084     6.61     53.7\n silk       26.0 12.4 6084     7.42     56.0\n\nhybrid = 30K64:\n method response   SE   df lower.CL upper.CL\n pin        20.3 10.9 6084     4.51     47.4\n silk       21.3 11.2 6084     5.00     48.9\n\nhybrid = 30S31H:\n method response   SE   df lower.CL upper.CL\n pin        37.1 14.8 6084    13.79     71.8\n silk       26.3 12.5 6084     7.57     56.4\n\nhybrid = 30S31YH:\n method response   SE   df lower.CL upper.CL\n pin        31.7 13.7 6084    10.57     64.2\n silk       26.4 12.5 6084     7.62     56.5\n\nhybrid = BG7049H:\n method response   SE   df lower.CL upper.CL\n pin        19.4 10.7 6084     4.10     46.0\n silk       19.1 10.6 6084     3.96     45.6\n\nResults are averaged over the levels of: block \nDegrees-of-freedom method: kenward-roger \nConfidence level used: 0.95 \nIntervals are back-transformed from the sqrt scale \n\nlibrary(multcomp)\nlibrary(multcompView)\ncld(medias_milho, Letters = LETTERS)\n\nmethod = pin:\n hybrid   response   SE   df lower.CL upper.CL .group\n BG7049H      19.4 10.7 6084     4.10     46.0  A    \n 30K64        20.3 10.9 6084     4.51     47.4  A    \n 30F53 YH     24.5 12.0 6084     6.61     53.7  AB   \n 30F53 HX     25.0 12.1 6084     6.84     54.4  AB   \n 30S31YH      31.7 13.7 6084    10.57     64.2  AB   \n 30S31H       37.1 14.8 6084    13.79     71.8   B   \n\nmethod = silk:\n hybrid   response   SE   df lower.CL upper.CL .group\n BG7049H      19.1 10.6 6084     3.96     45.6  A    \n 30K64        21.3 11.2 6084     5.00     48.9  A    \n 30F53 HX     24.4 12.0 6084     6.56     53.6  A    \n 30F53 YH     26.0 12.4 6084     7.42     56.0  A    \n 30S31H       26.3 12.5 6084     7.57     56.4  A    \n 30S31YH      26.4 12.5 6084     7.62     56.5  A    \n\nResults are averaged over the levels of: block \nDegrees-of-freedom method: kenward-roger \nConfidence level used: 0.95 \nIntervals are back-transformed from the sqrt scale \nNote: contrasts are still on the sqrt scale \nP value adjustment: tukey method for comparing a family of 6 estimates \nsignificance level used: alpha = 0.05 \nNOTE: If two or more means share the same grouping symbol,\n      then we cannot show them to be different.\n      But we also did not show them to be the same. \n\ncld(medias_milho2, Letters = letters)\n\nhybrid = 30F53 HX:\n method response   SE   df lower.CL upper.CL .group\n silk       24.4 12.0 6084     6.56     53.6  a    \n pin        25.0 12.1 6084     6.84     54.4  a    \n\nhybrid = 30F53 YH:\n method response   SE   df lower.CL upper.CL .group\n pin        24.5 12.0 6084     6.61     53.7  a    \n silk       26.0 12.4 6084     7.42     56.0  a    \n\nhybrid = 30K64:\n method response   SE   df lower.CL upper.CL .group\n pin        20.3 10.9 6084     4.51     47.4  a    \n silk       21.3 11.2 6084     5.00     48.9  a    \n\nhybrid = 30S31H:\n method response   SE   df lower.CL upper.CL .group\n silk       26.3 12.5 6084     7.57     56.4  a    \n pin        37.1 14.8 6084    13.79     71.8   b   \n\nhybrid = 30S31YH:\n method response   SE   df lower.CL upper.CL .group\n silk       26.4 12.5 6084     7.62     56.5  a    \n pin        31.7 13.7 6084    10.57     64.2  a    \n\nhybrid = BG7049H:\n method response   SE   df lower.CL upper.CL .group\n silk       19.1 10.6 6084     3.96     45.6  a    \n pin        19.4 10.7 6084     4.10     46.0  a    \n\nResults are averaged over the levels of: block \nDegrees-of-freedom method: kenward-roger \nConfidence level used: 0.95 \nIntervals are back-transformed from the sqrt scale \nNote: contrasts are still on the sqrt scale \nsignificance level used: alpha = 0.05 \nNOTE: If two or more means share the same grouping symbol,\n      then we cannot show them to be different.\n      But we also did not show them to be the same. \n\n\n\n\n\n\nmix3 &lt;- lmer(sqrt(yield) ~ hybrid*method + block + (1|block/hybrid), \n             data = milho)\n\nAnova(mix3)\n\nAnalysis of Deviance Table (Type II Wald chisquare tests)\n\nResponse: sqrt(yield)\n                Chisq Df Pr(&gt;Chisq)    \nhybrid        25.5591  5  0.0001086 ***\nmethod         0.0520  1  0.8196750    \nblock          2.3606  3  0.5010021    \nhybrid:method 24.4985  5  0.0001741 ***\n---\nSignif. codes:  0 '***' 0.001 '**' 0.01 '*' 0.05 '.' 0.1 ' ' 1\n\n#Pelo menos um híbrido é diferente dos demais, assim como existe diferença significativa entre métodos.\n#Também existe diferença na interação híbrido com método\n\nlibrary(performance)\ncheck_normality(mix3)\n\nOK: residuals appear as normally distributed (p = 0.214).\n\ncheck_heteroscedasticity(mix3)\n\nOK: Error variance appears to be homoscedastic (p = 0.686).\n\nlibrary(emmeans)\nmedias_milho3 &lt;- emmeans(mix3,\n                        ~hybrid|method,\n                        type = \"response\") #Qaundo transforma dados, precisa colocar type = response\nmedias_milho\n\nmethod = pin:\n hybrid   response   SE   df lower.CL upper.CL\n 30F53 HX     25.0 12.1 6084     6.84     54.4\n 30F53 YH     24.5 12.0 6084     6.61     53.7\n 30K64        20.3 10.9 6084     4.51     47.4\n 30S31H       37.1 14.8 6084    13.79     71.8\n 30S31YH      31.7 13.7 6084    10.57     64.2\n BG7049H      19.4 10.7 6084     4.10     46.0\n\nmethod = silk:\n hybrid   response   SE   df lower.CL upper.CL\n 30F53 HX     24.4 12.0 6084     6.56     53.6\n 30F53 YH     26.0 12.4 6084     7.42     56.0\n 30K64        21.3 11.2 6084     5.00     48.9\n 30S31H       26.3 12.5 6084     7.57     56.4\n 30S31YH      26.4 12.5 6084     7.62     56.5\n BG7049H      19.1 10.6 6084     3.96     45.6\n\nResults are averaged over the levels of: block \nDegrees-of-freedom method: kenward-roger \nConfidence level used: 0.95 \nIntervals are back-transformed from the sqrt scale \n\nmedias_milho4 &lt;- emmeans(mix3,\n                         ~method|hybrid,\n                         type = \"response\")\nmedias_milho2\n\nhybrid = 30F53 HX:\n method response   SE   df lower.CL upper.CL\n pin        25.0 12.1 6084     6.84     54.4\n silk       24.4 12.0 6084     6.56     53.6\n\nhybrid = 30F53 YH:\n method response   SE   df lower.CL upper.CL\n pin        24.5 12.0 6084     6.61     53.7\n silk       26.0 12.4 6084     7.42     56.0\n\nhybrid = 30K64:\n method response   SE   df lower.CL upper.CL\n pin        20.3 10.9 6084     4.51     47.4\n silk       21.3 11.2 6084     5.00     48.9\n\nhybrid = 30S31H:\n method response   SE   df lower.CL upper.CL\n pin        37.1 14.8 6084    13.79     71.8\n silk       26.3 12.5 6084     7.57     56.4\n\nhybrid = 30S31YH:\n method response   SE   df lower.CL upper.CL\n pin        31.7 13.7 6084    10.57     64.2\n silk       26.4 12.5 6084     7.62     56.5\n\nhybrid = BG7049H:\n method response   SE   df lower.CL upper.CL\n pin        19.4 10.7 6084     4.10     46.0\n silk       19.1 10.6 6084     3.96     45.6\n\nResults are averaged over the levels of: block \nDegrees-of-freedom method: kenward-roger \nConfidence level used: 0.95 \nIntervals are back-transformed from the sqrt scale \n\nlibrary(multcomp)\nlibrary(multcompView)\ncld(medias_milho3, Letters = LETTERS)\n\nmethod = pin:\n hybrid   response  SE   df lower.CL upper.CL .group\n 30S31YH      7829 732 26.1     6398     9405  A    \n 30S31H       8081 743 26.1     6626     9681  AB   \n 30F53 YH     9314 798 26.1     7746    11027  ABC  \n 30F53 HX    11130 872 26.1     9410    12995   BC  \n 30K64       11666 893 26.1     9903    13574    C  \n BG7049H     11914 903 26.1    10131    13841    C  \n\nmethod = silk:\n hybrid   response  SE   df lower.CL upper.CL .group\n 30S31YH      8257 751 26.1     6785     9873  A    \n 30F53 YH     9079 788 26.1     7532    10770  A    \n 30S31H       9135 790 26.1     7583    10832  A    \n 30F53 HX     9932 824 26.1     8311    11698  AB   \n 30K64       10331 840 26.1     8676    12131  AB   \n BG7049H     12822 936 26.1    10970    14818   B   \n\nResults are averaged over the levels of: block \nDegrees-of-freedom method: kenward-roger \nConfidence level used: 0.95 \nIntervals are back-transformed from the sqrt scale \nNote: contrasts are still on the sqrt scale \nP value adjustment: tukey method for comparing a family of 6 estimates \nsignificance level used: alpha = 0.05 \nNOTE: If two or more means share the same grouping symbol,\n      then we cannot show them to be different.\n      But we also did not show them to be the same. \n\ncld(medias_milho4, Letters = letters)\n\nhybrid = 30F53 HX:\n method response  SE   df lower.CL upper.CL .group\n silk       9932 824 26.1     8311    11698  a    \n pin       11130 872 26.1     9410    12995   b   \n\nhybrid = 30F53 YH:\n method response  SE   df lower.CL upper.CL .group\n silk       9079 788 26.1     7532    10770  a    \n pin        9314 798 26.1     7746    11027  a    \n\nhybrid = 30K64:\n method response  SE   df lower.CL upper.CL .group\n silk      10331 840 26.1     8676    12131  a    \n pin       11666 893 26.1     9903    13574   b   \n\nhybrid = 30S31H:\n method response  SE   df lower.CL upper.CL .group\n pin        8081 743 26.1     6626     9681  a    \n silk       9135 790 26.1     7583    10832   b   \n\nhybrid = 30S31YH:\n method response  SE   df lower.CL upper.CL .group\n pin        7829 732 26.1     6398     9405  a    \n silk       8257 751 26.1     6785     9873  a    \n\nhybrid = BG7049H:\n method response  SE   df lower.CL upper.CL .group\n pin       11914 903 26.1    10131    13841  a    \n silk      12822 936 26.1    10970    14818  a    \n\nResults are averaged over the levels of: block \nDegrees-of-freedom method: kenward-roger \nConfidence level used: 0.95 \nIntervals are back-transformed from the sqrt scale \nNote: contrasts are still on the sqrt scale \nsignificance level used: alpha = 0.05 \nNOTE: If two or more means share the same grouping symbol,\n      then we cannot show them to be different.\n      But we also did not show them to be the same."
  },
  {
    "objectID": "Aula9_quarto.html#visualizar-dados",
    "href": "Aula9_quarto.html#visualizar-dados",
    "title": "Aula 9- experimento fatorial e ajuste de modelos",
    "section": "",
    "text": "milho |&gt; \n  ggplot(aes(method, index))+\n  geom_jitter(width = 0.1, color = \"black\", alpha = 0.2)+\n  facet_grid(~hybrid)+\n  stat_summary(fun.data = \"mean_cl_boot\", color = \"blue\")\n\n\n\n\n\n\n\n#Dependendo do híbrido parece que há efeito do método\n\nmilho |&gt; \n  ggplot(aes(method, yield))+\n  geom_jitter(width = 0.1, color = \"black\", alpha = 0.2)+\n  facet_grid(~hybrid)+\n  stat_summary(fun.data = \"mean_cl_boot\", color = \"red\")"
  },
  {
    "objectID": "Aula9_quarto.html#modelo-para-parcela-subdividida---index",
    "href": "Aula9_quarto.html#modelo-para-parcela-subdividida---index",
    "title": "Aula 9- experimento fatorial e ajuste de modelos",
    "section": "",
    "text": "Na ANOVA pode ser observado que a interação entre o híbrido e o método é significativo, a partir dai temos que fazer os desdobramentos dessa interação. Pacote para estimar as médias -&gt; emmeans\n\nlibrary(lme4)\n\nmilho &lt;- milho |&gt; \n  mutate(block = as.factor(block))\n\nmix &lt;- lmer(index ~ hybrid*method + block + (1|block/hybrid), \n             data = milho)\n\nlibrary(car)\nAnova(mix)\n\nAnalysis of Deviance Table (Type II Wald chisquare tests)\n\nResponse: index\n                Chisq Df Pr(&gt;Chisq)   \nhybrid        15.5971  5   0.008094 **\nmethod         4.6963  1   0.030228 * \nblock          0.2157  3   0.975023   \nhybrid:method 15.8060  5   0.007420 **\n---\nSignif. codes:  0 '***' 0.001 '**' 0.01 '*' 0.05 '.' 0.1 ' ' 1\n\n#Pelo menos um híbrido é diferente dos demais, assim como existe diferença significativa entre métodos.\n#Também existe diferença na interação híbrido com método\n\nlibrary(performance)\ncheck_normality(mix)\n\nOK: residuals appear as normally distributed (p = 0.635).\n\ncheck_heteroscedasticity(mix)\n\nWarning: Heteroscedasticity (non-constant error variance) detected (p = 0.009).\n\n#Observou heterogeneicidade das variâncias\n\nlibrary(DHARMa)\nplot(simulateResiduals(mix))\n\n\n\n\n\n\n\n#Transformação com raiz quadrada\nmix2 &lt;- lmer(sqrt(index) ~ hybrid*method + block + (1|block/hybrid), \n             data = milho)\nAnova(mix2)\n\nAnalysis of Deviance Table (Type II Wald chisquare tests)\n\nResponse: sqrt(index)\n                Chisq Df Pr(&gt;Chisq)   \nhybrid        15.3159  5   0.009095 **\nmethod         3.8886  1   0.048615 * \nblock          0.0718  3   0.994997   \nhybrid:method 13.3812  5   0.020057 * \n---\nSignif. codes:  0 '***' 0.001 '**' 0.01 '*' 0.05 '.' 0.1 ' ' 1\n\ncheck_normality(mix2)\n\nOK: residuals appear as normally distributed (p = 0.440).\n\ncheck_heteroscedasticity(mix2)\n\nOK: Error variance appears to be homoscedastic (p = 0.971).\n\n#Deu distribuição normal e homocedasticidade\nplot(simulateResiduals(mix2))\n\n\n\n\n\n\n\nqqnorm(residuals(mix2))\nqqline(residuals(mix2))\n\n\n\n\n\n\n\nhist(residuals(mix2))\n\n\n\n\n\n\n\nlibrary(emmeans)\nmedias_milho &lt;- emmeans(mix2,\n                        ~hybrid|method,\n                        type = \"response\") #Qaundo transforma dados, precisa colocar type = response\nmedias_milho\n\nmethod = pin:\n hybrid   response   SE   df lower.CL upper.CL\n 30F53 HX     25.0 12.1 6084     6.84     54.4\n 30F53 YH     24.5 12.0 6084     6.61     53.7\n 30K64        20.3 10.9 6084     4.51     47.4\n 30S31H       37.1 14.8 6084    13.79     71.8\n 30S31YH      31.7 13.7 6084    10.57     64.2\n BG7049H      19.4 10.7 6084     4.10     46.0\n\nmethod = silk:\n hybrid   response   SE   df lower.CL upper.CL\n 30F53 HX     24.4 12.0 6084     6.56     53.6\n 30F53 YH     26.0 12.4 6084     7.42     56.0\n 30K64        21.3 11.2 6084     5.00     48.9\n 30S31H       26.3 12.5 6084     7.57     56.4\n 30S31YH      26.4 12.5 6084     7.62     56.5\n BG7049H      19.1 10.6 6084     3.96     45.6\n\nResults are averaged over the levels of: block \nDegrees-of-freedom method: kenward-roger \nConfidence level used: 0.95 \nIntervals are back-transformed from the sqrt scale \n\nmedias_milho2 &lt;- emmeans(mix2,\n                         ~method|hybrid,\n                         type = \"response\")\nmedias_milho2\n\nhybrid = 30F53 HX:\n method response   SE   df lower.CL upper.CL\n pin        25.0 12.1 6084     6.84     54.4\n silk       24.4 12.0 6084     6.56     53.6\n\nhybrid = 30F53 YH:\n method response   SE   df lower.CL upper.CL\n pin        24.5 12.0 6084     6.61     53.7\n silk       26.0 12.4 6084     7.42     56.0\n\nhybrid = 30K64:\n method response   SE   df lower.CL upper.CL\n pin        20.3 10.9 6084     4.51     47.4\n silk       21.3 11.2 6084     5.00     48.9\n\nhybrid = 30S31H:\n method response   SE   df lower.CL upper.CL\n pin        37.1 14.8 6084    13.79     71.8\n silk       26.3 12.5 6084     7.57     56.4\n\nhybrid = 30S31YH:\n method response   SE   df lower.CL upper.CL\n pin        31.7 13.7 6084    10.57     64.2\n silk       26.4 12.5 6084     7.62     56.5\n\nhybrid = BG7049H:\n method response   SE   df lower.CL upper.CL\n pin        19.4 10.7 6084     4.10     46.0\n silk       19.1 10.6 6084     3.96     45.6\n\nResults are averaged over the levels of: block \nDegrees-of-freedom method: kenward-roger \nConfidence level used: 0.95 \nIntervals are back-transformed from the sqrt scale \n\nlibrary(multcomp)\nlibrary(multcompView)\ncld(medias_milho, Letters = LETTERS)\n\nmethod = pin:\n hybrid   response   SE   df lower.CL upper.CL .group\n BG7049H      19.4 10.7 6084     4.10     46.0  A    \n 30K64        20.3 10.9 6084     4.51     47.4  A    \n 30F53 YH     24.5 12.0 6084     6.61     53.7  AB   \n 30F53 HX     25.0 12.1 6084     6.84     54.4  AB   \n 30S31YH      31.7 13.7 6084    10.57     64.2  AB   \n 30S31H       37.1 14.8 6084    13.79     71.8   B   \n\nmethod = silk:\n hybrid   response   SE   df lower.CL upper.CL .group\n BG7049H      19.1 10.6 6084     3.96     45.6  A    \n 30K64        21.3 11.2 6084     5.00     48.9  A    \n 30F53 HX     24.4 12.0 6084     6.56     53.6  A    \n 30F53 YH     26.0 12.4 6084     7.42     56.0  A    \n 30S31H       26.3 12.5 6084     7.57     56.4  A    \n 30S31YH      26.4 12.5 6084     7.62     56.5  A    \n\nResults are averaged over the levels of: block \nDegrees-of-freedom method: kenward-roger \nConfidence level used: 0.95 \nIntervals are back-transformed from the sqrt scale \nNote: contrasts are still on the sqrt scale \nP value adjustment: tukey method for comparing a family of 6 estimates \nsignificance level used: alpha = 0.05 \nNOTE: If two or more means share the same grouping symbol,\n      then we cannot show them to be different.\n      But we also did not show them to be the same. \n\ncld(medias_milho2, Letters = letters)\n\nhybrid = 30F53 HX:\n method response   SE   df lower.CL upper.CL .group\n silk       24.4 12.0 6084     6.56     53.6  a    \n pin        25.0 12.1 6084     6.84     54.4  a    \n\nhybrid = 30F53 YH:\n method response   SE   df lower.CL upper.CL .group\n pin        24.5 12.0 6084     6.61     53.7  a    \n silk       26.0 12.4 6084     7.42     56.0  a    \n\nhybrid = 30K64:\n method response   SE   df lower.CL upper.CL .group\n pin        20.3 10.9 6084     4.51     47.4  a    \n silk       21.3 11.2 6084     5.00     48.9  a    \n\nhybrid = 30S31H:\n method response   SE   df lower.CL upper.CL .group\n silk       26.3 12.5 6084     7.57     56.4  a    \n pin        37.1 14.8 6084    13.79     71.8   b   \n\nhybrid = 30S31YH:\n method response   SE   df lower.CL upper.CL .group\n silk       26.4 12.5 6084     7.62     56.5  a    \n pin        31.7 13.7 6084    10.57     64.2  a    \n\nhybrid = BG7049H:\n method response   SE   df lower.CL upper.CL .group\n silk       19.1 10.6 6084     3.96     45.6  a    \n pin        19.4 10.7 6084     4.10     46.0  a    \n\nResults are averaged over the levels of: block \nDegrees-of-freedom method: kenward-roger \nConfidence level used: 0.95 \nIntervals are back-transformed from the sqrt scale \nNote: contrasts are still on the sqrt scale \nsignificance level used: alpha = 0.05 \nNOTE: If two or more means share the same grouping symbol,\n      then we cannot show them to be different.\n      But we also did not show them to be the same."
  },
  {
    "objectID": "Aula9_quarto.html#modelo-para-parcela-subdividida---yield",
    "href": "Aula9_quarto.html#modelo-para-parcela-subdividida---yield",
    "title": "Aula 9- experimento fatorial e ajuste de modelos",
    "section": "",
    "text": "mix3 &lt;- lmer(sqrt(yield) ~ hybrid*method + block + (1|block/hybrid), \n             data = milho)\n\nAnova(mix3)\n\nAnalysis of Deviance Table (Type II Wald chisquare tests)\n\nResponse: sqrt(yield)\n                Chisq Df Pr(&gt;Chisq)    \nhybrid        25.5591  5  0.0001086 ***\nmethod         0.0520  1  0.8196750    \nblock          2.3606  3  0.5010021    \nhybrid:method 24.4985  5  0.0001741 ***\n---\nSignif. codes:  0 '***' 0.001 '**' 0.01 '*' 0.05 '.' 0.1 ' ' 1\n\n#Pelo menos um híbrido é diferente dos demais, assim como existe diferença significativa entre métodos.\n#Também existe diferença na interação híbrido com método\n\nlibrary(performance)\ncheck_normality(mix3)\n\nOK: residuals appear as normally distributed (p = 0.214).\n\ncheck_heteroscedasticity(mix3)\n\nOK: Error variance appears to be homoscedastic (p = 0.686).\n\nlibrary(emmeans)\nmedias_milho3 &lt;- emmeans(mix3,\n                        ~hybrid|method,\n                        type = \"response\") #Qaundo transforma dados, precisa colocar type = response\nmedias_milho\n\nmethod = pin:\n hybrid   response   SE   df lower.CL upper.CL\n 30F53 HX     25.0 12.1 6084     6.84     54.4\n 30F53 YH     24.5 12.0 6084     6.61     53.7\n 30K64        20.3 10.9 6084     4.51     47.4\n 30S31H       37.1 14.8 6084    13.79     71.8\n 30S31YH      31.7 13.7 6084    10.57     64.2\n BG7049H      19.4 10.7 6084     4.10     46.0\n\nmethod = silk:\n hybrid   response   SE   df lower.CL upper.CL\n 30F53 HX     24.4 12.0 6084     6.56     53.6\n 30F53 YH     26.0 12.4 6084     7.42     56.0\n 30K64        21.3 11.2 6084     5.00     48.9\n 30S31H       26.3 12.5 6084     7.57     56.4\n 30S31YH      26.4 12.5 6084     7.62     56.5\n BG7049H      19.1 10.6 6084     3.96     45.6\n\nResults are averaged over the levels of: block \nDegrees-of-freedom method: kenward-roger \nConfidence level used: 0.95 \nIntervals are back-transformed from the sqrt scale \n\nmedias_milho4 &lt;- emmeans(mix3,\n                         ~method|hybrid,\n                         type = \"response\")\nmedias_milho2\n\nhybrid = 30F53 HX:\n method response   SE   df lower.CL upper.CL\n pin        25.0 12.1 6084     6.84     54.4\n silk       24.4 12.0 6084     6.56     53.6\n\nhybrid = 30F53 YH:\n method response   SE   df lower.CL upper.CL\n pin        24.5 12.0 6084     6.61     53.7\n silk       26.0 12.4 6084     7.42     56.0\n\nhybrid = 30K64:\n method response   SE   df lower.CL upper.CL\n pin        20.3 10.9 6084     4.51     47.4\n silk       21.3 11.2 6084     5.00     48.9\n\nhybrid = 30S31H:\n method response   SE   df lower.CL upper.CL\n pin        37.1 14.8 6084    13.79     71.8\n silk       26.3 12.5 6084     7.57     56.4\n\nhybrid = 30S31YH:\n method response   SE   df lower.CL upper.CL\n pin        31.7 13.7 6084    10.57     64.2\n silk       26.4 12.5 6084     7.62     56.5\n\nhybrid = BG7049H:\n method response   SE   df lower.CL upper.CL\n pin        19.4 10.7 6084     4.10     46.0\n silk       19.1 10.6 6084     3.96     45.6\n\nResults are averaged over the levels of: block \nDegrees-of-freedom method: kenward-roger \nConfidence level used: 0.95 \nIntervals are back-transformed from the sqrt scale \n\nlibrary(multcomp)\nlibrary(multcompView)\ncld(medias_milho3, Letters = LETTERS)\n\nmethod = pin:\n hybrid   response  SE   df lower.CL upper.CL .group\n 30S31YH      7829 732 26.1     6398     9405  A    \n 30S31H       8081 743 26.1     6626     9681  AB   \n 30F53 YH     9314 798 26.1     7746    11027  ABC  \n 30F53 HX    11130 872 26.1     9410    12995   BC  \n 30K64       11666 893 26.1     9903    13574    C  \n BG7049H     11914 903 26.1    10131    13841    C  \n\nmethod = silk:\n hybrid   response  SE   df lower.CL upper.CL .group\n 30S31YH      8257 751 26.1     6785     9873  A    \n 30F53 YH     9079 788 26.1     7532    10770  A    \n 30S31H       9135 790 26.1     7583    10832  A    \n 30F53 HX     9932 824 26.1     8311    11698  AB   \n 30K64       10331 840 26.1     8676    12131  AB   \n BG7049H     12822 936 26.1    10970    14818   B   \n\nResults are averaged over the levels of: block \nDegrees-of-freedom method: kenward-roger \nConfidence level used: 0.95 \nIntervals are back-transformed from the sqrt scale \nNote: contrasts are still on the sqrt scale \nP value adjustment: tukey method for comparing a family of 6 estimates \nsignificance level used: alpha = 0.05 \nNOTE: If two or more means share the same grouping symbol,\n      then we cannot show them to be different.\n      But we also did not show them to be the same. \n\ncld(medias_milho4, Letters = letters)\n\nhybrid = 30F53 HX:\n method response  SE   df lower.CL upper.CL .group\n silk       9932 824 26.1     8311    11698  a    \n pin       11130 872 26.1     9410    12995   b   \n\nhybrid = 30F53 YH:\n method response  SE   df lower.CL upper.CL .group\n silk       9079 788 26.1     7532    10770  a    \n pin        9314 798 26.1     7746    11027  a    \n\nhybrid = 30K64:\n method response  SE   df lower.CL upper.CL .group\n silk      10331 840 26.1     8676    12131  a    \n pin       11666 893 26.1     9903    13574   b   \n\nhybrid = 30S31H:\n method response  SE   df lower.CL upper.CL .group\n pin        8081 743 26.1     6626     9681  a    \n silk       9135 790 26.1     7583    10832   b   \n\nhybrid = 30S31YH:\n method response  SE   df lower.CL upper.CL .group\n pin        7829 732 26.1     6398     9405  a    \n silk       8257 751 26.1     6785     9873  a    \n\nhybrid = BG7049H:\n method response  SE   df lower.CL upper.CL .group\n pin       11914 903 26.1    10131    13841  a    \n silk      12822 936 26.1    10970    14818  a    \n\nResults are averaged over the levels of: block \nDegrees-of-freedom method: kenward-roger \nConfidence level used: 0.95 \nIntervals are back-transformed from the sqrt scale \nNote: contrasts are still on the sqrt scale \nsignificance level used: alpha = 0.05 \nNOTE: If two or more means share the same grouping symbol,\n      then we cannot show them to be different.\n      But we also did not show them to be the same."
  },
  {
    "objectID": "aula6.html",
    "href": "aula6.html",
    "title": "Aula 6 e 7- Estatística inferencial: ANOVA e teste de médias",
    "section": "",
